cod_mun_ibge
31666000
35072090
51012090
43069240
43223500
17155070
35559010
31156070
52012070
42156950
22063080
43150730
35328680
41126030
52200580
43048530
52042010
43006610
31279090
35158060
42094580
17046000
31658000
41004590
43123510
42118760
43221860
35472050
52134000
31648030
43092580
43058350
43147870
31466020
42089550
51067030
42139060
52049530
31234030
43236060
35476500
41165050
41236000
42053570
31031080
43151310
43005540
43059340
43112700
42179560
17201500
43121790
31475010
43088540
43019250
42020990
43046220
43167330
41075200
52122530
35553070
43126740
52094570
43046140
31454060
42105550
43134660
51078830
43082500
43172510
43116430
24149020
43129550
35156570
24136070
25106590
17062580
35547550
35033560
31605040
42100500
43061300
43228550
31185020
41160000
42171540
31494080
35138500
52002090
35039500
25146510
35328430
35365700
35569580
43107510
31664020
43023780
43153130
31682000
43104620
35557030
42078580
43204530
43144640
43126250
35296580
52092910
31235020
42007540
43184650
42055550
43020550
43141750
43151720
43205780
43004710
35492500
25048500
31538060
31670040
17212570
42067510
43223430
43067590
42047560
52005060
17121570
31007080
43120050
43064290
35180080
25127880
31656020
17208530
25126060
43177560
35133060
31478080
35552080
43193640
41018530
31328000
41243010
43091260
51053090
43105790
43184990
52202800
31033060
42051910
24079060
43154530
43233580
42091770
43021540
17098070
52069090
35493000
43025840
35291040
25011530
43147530
35142050
35461080
43175580
11014680
31457030
43225580
52169080
42025780
31706020
42156040
41255550
35462560
24016510
22094500
17118030
35362570
42155540
41159030
17209370
31425020
43134410
43133340
42118500
52195060
43145550
43104130
17186590
41106560
52138550
17036020
35432380
42016530
52148040
41091040
42157520
42092010
43197110
31149070
41100520
52057030
43080520
42108520
31649020
52129070
24048040
25007340
41259020
31673010
43058500
25174070
43159580
35310010
42141020
43051570
43179540
43197520
17038260
52116020
43141340
43223760
31246090
43078310
17137000
35272560
42156870
42028750
43063530
43216260
17151500
43150570
35331060
31562050
42005560
42118920
52126000
31032070
52147050
42188550
43206510
42116520
31252000
43106520
52158010
28001000
29199590
42177580
42191500
43084330
52028090
17188990
17111000
35275040
31436090
24096050
24143080
35447070
35546560
41030240
51071980
41143510
42107040
35149570
35338090
35031580
25107090
42189540
22103830
52023530
43186140
52039390
43022200
43055870
42032530
35369010
52014540
35474030
22071080
52071050
42054310
31070000
42150590
35109060
43184570
31587060
25138510
52120550
25053030
43123850
52001590
43065510
41033700
43058710
17200020
42000510
43184320
31722020
43121380
22009540
22079340
41202000
35492010
31490020
42044590
22038590
43019580
43130860
43114290
43155520
52130530
35403090
31655600
43144560
31703050
25005770
25022010
52160070
43169720
43164360
24055040
43164280
41213560
35345000
24138050
17002510
41242020
17082540
42020810
43216340
31675090
35279000
41283020
17038830
43022380
31550090
41286250
35161010
51064550
25136530
43218320
25139430
35546070
22103750
24059000
31013000
31162090
31138000
42120560
43130110
31044030
24116010
31200030
11014760
25084060
24114290
41113080
51077430
31404070
41081060
42041520
42056050
42021560
35074560
43117910
25041080
43063200
43108760
31501090
31098080
43069570
43235070
22085510
43059750
24064030
43197370
42126010
43164770
41192510
31623020
17184510
43035580
43078640
43214930
51071560
43203210
17152590
51063150
43046970
52103070
17127020
43022530
35153010
41010510
52152070
35165070
31036030
22109790
41027030
52192090
35571540
17213070
31308040
42159010
43153210
51068510
24039050
35101040
51045000
43184400
35490030
31172070
35536580
52066020
31636070
31455050
52215770
52213040
17209780
31038010
41172970
31104000
43060720
43232000
52120060
43074500
41085510
43086560
43237050
43051160
31215060
22055400
25171000
43202300
17187090
41266520
35159050
42112560
43124430
41068520
52101580
42143000
24041010
27070080
42131530
35077530
25157080
11009080
22096090
17190040
41011500
22116050
22109530
43112390
52148790
25093700
52068000
35471060
42141510
43193720
41016550
43067000
31488060
42098050
52063050
43117340
17041050
43010730
43151490
41034040
43069730
42075770
31264060
25062020
51039570
43063790
31228010
41075530
31402090
31533010
52026010
22053590
31300020
52009020
42041780
22069510
31014090
43095710
42041940
35062010
22103910
17172060
41065550
31644310
52207020
43005700
31606030
43237700
25106000
43237540
52218090
51010010
50039000
31446720
43145480
22097570
43214690
24037560
43213290
22115060
35283040
43056030
43180510
31680510
31196090
35288580
25167550
43103630
42025370
17202590
31150030
35371560
24092090
25156090
25139680
41103000
51083520
35300030
31437080
31169020
41201500
43124270
26054590
41157390
35254090
43107020
22086010
31131070
31350010
42068010
31458020
41134290
52164520
31715010
35483020
41221070
42171050
24095060
51072630
31198070
43070540
22008060
31273540
31255070
42018020
43126170
35445090
43134250
24144560
35444000
17120090
17124540
17180060
31253090
52196050
41231050
52149030
52183910
31572780
24106030
35321570
22041540
31159040
24150080
25037530
43197030
31442010
31383020
42011090
51077500
43049520
43053710
43191250
42051750
43123770
35151290
15012530
41032220
41129000
42175500
35015090
41232040
52075010
31704790
43018590
28073030
43026000
43041010
52039620
41183030
31068040
42122390
43004550
43074010
24004060
41196570
41116050
52067010
31443750
28050000
35428000
42031540
17051020
35221580
51088570
52055210
31495070
43130030
31610560
22013090
31597040
31379080
52194560
17188400
25139840
31594070
52050590
35401010
41228000
31273700
43036730
41027520
43233090
43223270
41071240
43064520
51038090
22073550
28025020
31061010
41174040
41166040
42133510
31219020
42198530
22106230
31197080
52016030
52098040
51083030
43105530
52065030
42041030
42102090
35258540
17128010
52156520
41031560
43111300
27049060
17010510
25065090
31247080
51082040
31269500
31299050
52214520
31258040
42024380
52210070
31564030
35418020
31661050
43015520
35309040
35050050
43225250
43109000
25152030
17188810
52210800
43008510
35002040
31190050
42016040
31449040
25059070
50062590
43186220
25058080
42191010
31714020
25020520
31532020
52159000
31096000
24111060
22020750
35006000
50079760
25133560
35513060
41254560
31600090
51077680
31537070
31024070
24118090
35397070
22015720
25148000
43206020
51045590
43111220
31147090
35012020
25146020
29074000
17139570
35512070
52046560
17030570
25161510
31224700
42130050
42131040
43078150
24107020
25127470
31207060
31492000
35436000
51062080
31530040
22078500
52046070
29187040
31154090
17184020
31679050
52073520
52154050
43054050
31199060
35282050
41040550
43127570
35383030
25034070
28038070
17124050
42153560
43136070
24087060
31412070
29190090
22101020
43000590
43108500
31108060
35149240
52096060
43133590
24019090
43046550
31345090
52141010
31591000
31285010
51061900
41213070
51081050
31602070
41090050
31609000
17143020
31217040
31022090
42163540
42028590
41238240
52094080
25110040
31576090
41203330
17027030
22095000
43153540
52036090
35296090
17109040
52193570
17075530
22019880
43059590
35423050
31111500
41039580
28069090
43143080
11002620
17204990
52219080
25055010
31633000
31616010
31413060
31601080
43152060
41022080
42196060
52008290
35207070
25120360
22046000
43193560
43140350
31419000
41061000
43119810
41134030
25145520
43147790
42086090
24100090
52045570
42077590
35416530
17115060
35035050
31584090
52081520
22075530
42124030
31250020
28065030
35220000
22022510
31152010
24061550
22011760
31102020
28070060
25130000
41034790
31489050
52180520
41075460
43120540
31092530
31586070
25087030
43099510
24015030
25105010
41030080
29189020
31004010
41131060
42183500
28011080
28019000
41164060
35071590
51061740
31273880
24040020
50051030
29088040
31403080
42194080
52181020
41163070
41208530
22015560
22027370
35208060
22091530
29126080
41286580
31146000
41239560
24069080
43103060
31659090
41203090
31547050
31373040
35525510
25013510
35411090
51062730
51075780
17056070
29102060
35127040
42122700
31573770
35011030
31401000
22077930
22055810
31711050
35289080
52081030
24072520
51072970
31616500
52202640
35359030
31690590
27039080
31683090
52139050
41221720
35026060
22073060
22024550
35332050
35404080
31502080
35496070
25147010
11015590
51033610
42051590
17038910
35316050
25140080
35024080
24110560
35212000
43134900
24108010
35089000
35008080
31233040
25040740
35009070
35333040
31632010
35083060
42051000
27008050
42109020
31314060
41065710
24084090
24147530
43218570
32018030
43018750
43119080
43133910
43084580
43122030
31087010
31500000
25122000
31704380
52015040
42012730
31076040
43040020
43234570
24119080
41197070
41154570
31630030
31665010
35226530
35337000
24086070
22041050
41172140
31521310
22088580
43144720
22106310
52129560
35408530
42114540
22077510
21056580
31590010
17150020
22034200
31575000
31368010
31274040
25120770
42076010
43234080
43091590
43067340
52110080
22114070
31361080
31573020
29006030
17185010
22079590
43097530
31326020
35455060
25085540
51088080
25141070
42191760
52108020
17170080
31406050
29112530
31353080
41206550
42052090
41109040
41067040
31272060
31201020
31226030
31503070
17032060
31464040
22053000
41211090
31148080
17151010
35542010
22095590
24110070
31496060
31263070
41263550
22038000
35340050
41084520
17119510
41104090
31365200
22032550
41100030
31626580
22117040
41134520
17038670
22088740
41212570
42187560
22018040
43150080
31561060
22052500
35321080
42150750
52215020
22066540
24132010
25093390
42098540
43231010
31117050
26071090
35432040
52137720
43117180
21108070
52140510
24117000
31270570
22060010
35082070
25138020
22109040
31008070
25127540
31639040
25127620
22045500
31120590
35256070
52035750
22103590
31174050
41078500
35462070
42152080
42043500
43221520
17178000
35126050
52152560
41226510
51072480
25139270
35278010
31066060
31122080
22098560
42133020
43184240
43121530
43229050
42149040
25144040
25081090
31025060
31564520
22093510
41075380
31254080
22055650
43034000
24076090
31458510
17030730
41155070
43080780
21073080
52105620
24006040
17073060
42009030
22028510
43098030
42066520
31574010
43055040
41137590
24124010
43157500
21115730
52083010
51026940
43097040
22010020
35402590
43051320
17185500
31444090
31244010
52187890
43063040
41077020
31088000
31052020
35317040
31364050
31614030
50073070
43121040
24068090
31359020
43072030
23048060
35431050
25047020
22055320
31066550
42154060
43046710
31484000
31354070
42025030
43033010
27027020
22028020
24085080
43208590
51074040
35258050
31544080
41168020
35555050
35320580
24135570
52187060
31048090
31669560
51062810
35168530
35171090
31593080
31588050
41136010
31711540
22099550
35484010
41229090
17189070
25096020
28031040
17055570
31164070
35206080
17188080
35263080
41078010
17163070
22052760
52197120
31681010
43128070
29266570
17203090
25043550
41201010
43123020
17011010
31057070
42193580
22027110
22067530
31365790
35168040
35073080
41240040
24029070
22002770
31383510
43184810
35151940
43144980
41123060
22113570
24054050
25023000
25117070
25042070
31422540
31431530
22036020
31154740
31423040
41122070
31622520
35322070
11014840
35304090
43095550
43126090
31221080
41138090
41071080
43000340
22032300
31385000
35230080
31294000
31282530
25103030
26074060
41169500
42091510
43222510
31225040
31208390
21116310
35098090
22074050
31505390
41096580
25015340
43162040
31504060
41203580
22098070
31213080
31706510
31181060
27062080
11000310
31206070
23051000
43032020
31273390
43116010
31072080
22021170
25135050
31698020
22025540
31365530
43203050
35020020
31551080
31391020
17033050
50075050
22001030
43026590
52052080
27059030
17083040
31231060
51072060
41264050
31631020
25159300
43192080
24105040
31641000
31204090
42114050
52106040
27034030
31467500
41267020
42066030
31357040
31581020
25052790
22055990
43205030
17076520
31227020
24052070
31270730
43018000
25021020
41172710
22093770
52201570
51034370
31266040
35099570
31721030
22056070
29009000
41071570
31267520
28020070
17003500
31719070
31044520
24088050
51001020
25027060
31055090
29033000
27053090
31531030
35014000
31339070
43037070
22037500
17125040
31552070
41117040
43191090
41033540
42181030
15055510
31296570
51068020
22040060
35189090
31453720
22059040
29095050
31634090
22100520
35435010
31655780
35101530
16005500
35396080
35410590
35451000
41087000
35327020
31238580
22032710
25172090
41204080
42027010
31082060
25053520
31608010
43117000
52031040
41245090
43038060
31595060
31210010
31387080
31320080
43087060
52215510
17206550
41269000
31350760
17201010
51077920
31121090
31153590
43130370
35043050
32036010
21072580
22004590
52076000
31677070
22026530
22043520
42008040
43213520
22054580
31417020
50002520
22055160
31559000
24028080
31509010
22017050
17039090
29031020
31291030
43054470
41286330
25005360
24147040
41253570
43214770
41253080
17037010
17166530
24016020
35211500
41092030
31176030
31126530
41077360
29293540
35532030
41153580
42003090
43105380
16000550
35465040
41262720
31101030
41288070
31119030
52192580
41147080
31644070
24137060
31565020
43221030
28022050
41158530
25002050
22021090
43203540
35295000
35446080
29109090
21018060
33024520
42160570
51073540
52085090
22055240
43193070
29107760
17031070
22019190
31609590
42100350
21097000
42019010
24093320
35030000
17060010
21119530
31160010
21013500
24033010
22019290
17013090
29185550
31369590
25031000
43003070
51031060
22051510
41132540
51039080
16002530
31710710
24133000
31366030
26034050
31482020
25088020
41257530
27037000
50062750
41184510
29186050
41261080
43144230
43219560
22020910
31660060
43140680
35053510
35077040
41002020
17107060
22096580
35156080
25095030
35173070
31053010
52038070
22009050
41249050
28026010
43008770
52001750
41172060
25133070
17021580
35549040
31268020
51060000
31526000
42145080
21122740
43159090
42127000
25066080
27022070
43005050
24127080
25102040
31462060
22093020
41074050
22025390
24049030
35277020
31553060
43075590
35481040
28016030
21090560
31020500
24060070
43007030
52223020
11002960
41083200
41186000
31012010
31438070
35538560
31625750
31343010
22021330
41073060
31203000
35018060
52117010
43051240
24037070
35091060
50035040
35147000
31479560
26144020
35457040
41174530
25144530
25159060
31224050
35287000
42172530
43225410
25039020
43104050
35332540
24034000
31341030
52091500
25038030
22098720
24141590
15077550
35094520
42080050
25026070
35377010
25017080
31465520
21019390
29332570
22099060
43043090
41111000
42031050
27090040
41254070
50084040
35047010
35368020
24135080
43025010
25127210
35005500
43009010
50031080
35399050
24131020
22027290
31077030
31275030
43116270
41188570
35125060
42144090
31154580
22017390
16002120
52008520
24121040
35121000
31678060
35007580
29048030
29133090
41190040
43016510
17157050
43151560
29278040
31454550
51052340
50028030
31386740
17065060
22091040
22092030
31674000
31085030
21047010
52199020
35192040
52099370
42074030
41033050
15074660
35470070
11006010
31613040
23018020
11014500
42192000
41192020
31691090
41030400
41082050
35531040
31310000
25052380
31689030
29116590
35529080
35031090
35520070
22103000
43169560
43036080
31506040
42021310
41097570
25143050
25104020
41009050
31576580
31635080
22097080
35166060
22077770
31655030
42162550
31199550
29159080
22090050
22019450
31075050
31415040
52222030
23112310
22060500
31705780
22094010
31462550
43112540
24130030
25029040
35448060
35553560
11018070
31507030
31381040
17187580
25056000
28047060
31612050
29154030
41110010
25116080
29227550
43131020
25131580
52075350
35357050
42005070
22027520
43015030
22069020
50078020
31286000
23099040
31392500
35341040
43084090
43124760
24018590
25132080
35361090
43205520
35237010
17023070
24097040
52197380
22063570
24102560
31467010
43124500
43140760
43017010
42061080
29254020
31292020
31170090
35323060
21001050
27078000
41089080
42006060
43080030
41153090
25045040
31229000
31304080
28052080
35181070
25091560
25093960
22102010
31644720
43073020
52191000
41262070
43022040
25040330
27009040
31386820
35420080
43104390
31499520
43117750
25052040
43163030
43167580
31273050
43057020
41216040
22006080
42010000
29153040
32020090
22055730
15069060
26115330
52005550
31695050
22109380
43071040
31163080
31201510
11014350
22066700
31136020
35249070
17138090
51018520
43054390
35482030
22017700
24062050
29115010
31081070
21116720
31380050
31124060
50051520
51061820
31178760
22072070
41287080
42034020
12004350
43096540
52155040
52206860
17004000
24051080
35023090
43186060
41079000
22034040
25136040
31223550
31646050
15030020
31638050
43002080
41227010
41246080
35242040
27013570
51066530
31305560
27082040
31651070
17071080
42108030
27035020
31037510
31182050
41086500
25158070
28037080
31307050
31571040
21062010
22014080
31001040
35479080
31094510
31288080
51045420
31654040
22033540
43105040
21005500
31583000
17003010
11000720
31016310
25012030
43138050
35549530
31157060
31316040
24032020
41130070
51003590
41150020
41286090
31643080
41032060
31443590
42184000
31389060
22000530
21092390
11010050
43006380
31212090
31652060
42095080
31487560
42004080
35328010
24009010
27054080
17072070
52072530
25036050
43059000
41137340
25021510
17019030
25035550
26151020
31707500
25078040
31238090
33051330
41129590
51026860
31541500
42118010
23042770
31214070
43099020
17061000
25100060
25085050
29019570
50015080
35129020
29142080
29314000
33023040
42138070
22067040
27019020
43117590
31604540
35342030
42120070
31593570
35245010
31306550
42164040
52113050
31663030
22021740
50049080
27079090
25020030
15017580
41001030
35266050
31306060
31626090
43095060
43006460
23008040
31356050
22089080
43115020
52121050
41187090
41013090
29241080
21106580
31018050
25150050
42104070
29222010
43202630
17105080
31165060
26025060
31218030
31450590
50052510
41207050
42186080
26101030
35336010
41030570
26161830
25041570
31629480
35051040
15001310
31585080
41064560
31505700
35364060
31622030
32005080
31256060
43017500
42146070
41095000
27066040
23125020
50044030
50064080
15054940
21017310
26063090
31371060
31424030
31260000
31311090
35054010
35539060
27074040
25142060
24063040
41077510
52190010
31167040
31640010
43140270
21112500
31386250
24048530
42123040
42076840
42077000
12000540
21059890
28043000
31222070
52123030
22027780
31669070
41099060
42153070
17188650
22002510
25149090
31692080
43142090
35432530
17211090
43024510
43191580
17157540
31348060
41278090
22020830
41233030
23006060
31064080
35505060
35535000
31178360
43223010
35523040
23137080
25074080
52006050
29199000
25082080
21063590
23128090
35188590
35427010
23046080
26067050
31050040
31354560
22065060
43140010
52021550
50021590
43167090
35211010
17175030
29227300
25159710
23015050
21095510
35238000
25050060
31208700
29143070
31653050
21046280
21097590
22010510
52048050
31235280
31303090
31657010
23062070
35112010
28064040
32003590
51038580
35195010
29311030
24102070
50075540
25111030
41038000
24030040
29157000
43165010
31353570
52042500
42182510
31211000
25076060
32042520
42017030
31477090
43170040
52137070
42168000
31248070
52148610
27087090
17167030
29191080
15056010
22099710
51036010
52048540
52040030
35215070
24134090
41279570
29064020
31397060
41041050
41170080
43060560
11005020
41217520
29103050
43122520
31544570
42049050
31458770
42185090
23072050
16002380
31688040
51016050
31289070
35281060
29173590
35312090
17136010
51045260
24128070
17179090
35064090
35270090
42103080
31572520
35199070
14006050
21004020
41127510
35178020
35004020
42111080
29214500
26159040
22020260
31535090
31519090
25062510
41115550
31290040
24024020
29162030
43090500
31465030
24109000
41172220
42035010
24073020
29203040
52211970
29228050
25054020
31563040
25015750
43088050
24066010
22030080
43069320
35216060
35198080
22019600
22058540
29167080
51050020
31434500
17007070
31114080
52197040
41285590
31485090
28007040
42156530
17020000
35152020
51049060
43047130
27006070
27036010
31037020
29216090
31296080
25007750
41237090
14005060
21019700
35451590
21066720
41279080
21040730
28027000
31617000
31529070
35480540
43141590
51077760
23132520
25128040
17183030
43111550
29233080
22049070
22059530
33009510
29190580
26036030
31028520
15041090
22055570
12003280
43050090
22067200
31405300
41035030
21120010
25093050
42179070
31717090
29068990
31589040
35034060
29090000
35348070
29001080
31510080
31128020
31405550
31445080
42012080
31505050
31573360
29219060
31667090
29331740
32046580
52205040
29128060
43198020
25090570
52008030
22068030
52135090
42156790
31426010
51028500
24074010
41149060
52054550
35132070
21031250
31168030
22087000
28044580
32025530
31501580
23088070
21021500
21059480
42015050
29023020
27046090
29184560
41260090
35375030
41089570
35143040
35469000
17077020
35119040
41060010
31592090
31189080
29051070
52034010
35325040
31284020
29259310
31435000
31554050
17208040
52114040
35366040
26024070
29283070
41072560
35495080
43139530
52220540
41252090
22086500
28072040
51089070
21070010
43049030
50009060
29289500
35140070
42076500
31187000
52194070
50008070
29235060
35558020
29228540
35421070
31527090
52000500
35569090
35352000
25014010
23106050
31195000
35048000
41238570
43053060
31030090
52128080
29331090
17142030
22066960
16001050
41278820
42122540
31005000
52127090
32051500
35153500
51080550
13040050
29075580
31129010
24050090
29334060
51079410
50048090
24014040
51089560
52144080
29070040
35454070
51013080
33045080
29249000
33053070
42161070
22042040
31135030
29307660
17010020
28053070
41225030
35113000
23100010
11012030
31027040
31545070
25168050
22046590
26049080
35544090
27058040
52039060
31039000
21023740
31710300
51062650
29239020
41003010
27018030
26161000
41124050
22034530
27015060
31259030
31483010
26120000
32001360
51034520
35202020
35190060
41226020
31375360
24013050
29061050
23042690
12003440
43043580
31269010
41007070
28051090
52053070
50041060
42072050
31386580
29039530
24038060
42142010
35192530
31262080
17029010
24104050
25080000
28004070
35037030
22048080
42173030
31645060
31125050
31192030
41250010
42044000
43058010
25170010
43177070
50040070
35438080
42110580
29141090
43147040
25098000
35328270
42064050
35286010
31336000
32011000
22007070
52059010
41108050
35425030
29042090
29246780
41240200
22106560
43129060
51027930
35547060
31145500
51055800
52035590
21046510
31329090
41248060
41167030
42007050
41050030
43151070
43206770
42026020
31315050
52172030
29163020
35146010
24070050
43083000
35556040
52150090
35405070
31205080
52163040
42126500
52168090
29247020
31060020
31566010
29166090
31230070
29200070
52050000
31282040
31265050
26152010
24017010
41151010
31705030
42087080
52025020
31092040
21117890
31158050
29100080
41026040
11016090
31171080
29246520
28059010
31446560
29208090
41080070
25033080
24053060
25001060
25057090
33046070
23036590
43014040
17162080
27011000
51008050
32029000
24125590
25099090
51071800
31718080
24035090
21054500
22031070
29220520
29183080
31662040
22016060
43010570
24145060
35511080
15064010
22045010
17024060
17038420
29005040
29285050
31541010
31548040
29110060
31079010
32048070
41172550
24044080
27064220
29293700
21040810
22064070
43210060
12001380
42078090
29279030
25118060
27020090
14002330
25101050
22066050
41218020
42053080
21119040
43161050
27081050
24103060
35093040
33059010
17030080
22020590
29044070
43202060
52018010
43111060
11013020
35500010
22044020
41051020
29045060
41160590
21031090
35347570
31021000
31513050
29179040
50077030
31416030
31511070
31369000
52054710
31453560
32001690
35566020
31421060
11011040
35437090
25079030
29213020
35563540
22076030
35169030
31580030
31365040
35443010
15061040
21058070
29022520
35486090
25154010
32031630
27012090
24141000
21045030
31536080
35360000
21027540
42012570
24089530
52186070
24025010
22061000
31650080
31091050
23012570
26033060
25090080
52164030
31041060
31212580
41157540
22025050
14007040
24003070
25164090
35139000
22051020
29173340
35049090
24129060
23109510
23091020
27025040
41125040
25072000
29024010
11017080
50008560
31293010
41247070
26092040
31491010
31259520
24001090
42040040
41258030
31619080
41102010
51052000
41205070
31302000
42047070
28061070
42002000
23112070
24077080
43020060
35063000
43216670
25061030
24027090
35036040
27076020
21110520
33061560
26121090
52084000
23049050
29077070
52058020
21005010
41284010
21024080
31237000
26143030
43023030
42020570
28068000
17074050
21059220
29113030
21117480
41025050
51062990
26010030
15078050
26112000
42189050
29196030
43214360
21093040
43136560
21017720
31337090
42079080
31408520
22011010
28041020
24021050
50020010
29015020
35179010
31249060
31224540
41189070
23079080
24067000
51006070
31523030
31245000
21039010
21052030
42160080
22032060
41170570
22024060
31029020
29222500
35170000
16002040
27037590
17221070
31082550
35372060
35573030
29022030
35329000
41239070
35390040
21059630
42020730
11017570
26082550
31140060
50034880
35204260
43158000
33016030
31603060
22050030
27061090
43127080
35326030
31542000
23068010
29193060
29300060
51005080
41109530
23056540
29068570
41008060
28024030
26103010
31097090
32044010
26079500
31318020
52032030
17038000
42151090
31113090
42062070
29017000
29269050
42134010
31685070
27060000
41181050
22043030
24008020
51085010
29294040
32043020
31668080
22011500
11009240
23014060
14004070
43154040
17220810
31625590
25151040
50079500
24114030
31276020
31065070
50023080
11015000
23005070
31178010
31099070
41053000
43225330
25067070
42022060
26128020
13000600
51078590
42147060
21060030
29018090
23001010
21049090
41161090
41093020
15079610
26043040
42033030
31497050
17166040
35191050
15034080
17148800
29257090
42110090
25115090
33001590
41278580
29037060
29218070
21108560
35449050
21043050
35069040
41128010
42097060
43145060
25131090
29334550
25024090
35508030
29151060
22081060
29297500
26015080
32045000
15026080
51068280
43046890
31028030
31139090
28066020
31300510
31179000
41112090
24133590
21109060
21011030
31521700
29020540
31355060
31118040
41210000
31332040
26069030
41285340
32007060
21061020
23104070
12001790
29101070
43029070
29280590
23098050
31491500
24139040
42045580
31347070
51004090
41234020
32031060
51030560
31555040
29194050
23110090
29210540
31410090
35107080
24057020
25109070
35172080
35572040
35145020
17202000
31516020
50037510
43024020
32011590
43062050
29169060
51062400
31655520
31047000
12003930
42099040
23057040
31305070
50012430
43164510
31700570
29309070
35099080
26048090
42037090
29331580
52074020
35526010
35068050
43051730
35265060
41200020
32049550
31560070
14002820
35194020
22085020
29230350
31700080
21041070
41127020
28039060
14001590
32025040
26124710
31642090
24075000
23053320
21001540
35518010
31615020
41178000
41270070
33002250
31618090
22108050
21115320
24148030
31107070
26018050
33011570
27028010
27056060
26147090
52041020
51067780
35442020
24093080
41219010
24018000
51062160
29267070
52047060
32017040
43125000
41140050
24123020
31323050
21037520
21092050
41056070
35536090
35412080
29204030
29118570
29020050
29134570
29298000
15056350
41279650
31398050
41191030
29317070
52148380
35298070
43008020
50034540
32022560
31202010
42188060
23126010
32033530
51061090
29307580
23039070
24043090
31374030
26039260
29013040
27048070
29030030
42154550
23083510
42200000
31430050
17090050
41171070
29226560
26027040
31624500
25094040
41023070
41221560
29026580
11003790
43060070
35350020
26086020
52198030
41031070
31006090
41044510
25086040
42100010
31232050
35429090
31549030
23052660
41198060
43214020
28034010
31003020
41100780
29055030
43012060
35255080
27064480
29306000
26077030
35385010
31405060
31322060
41145000
24005050
28075010
29240580
17133040
23101000
14000270
52078080
23039310
25009080
43019090
29209080
26044030
41106070
31420070
31010030
41085020
24091000
32026520
50026050
35351010
41139080
21102370
51046090
43081020
31177020
31716000
35561070
29094060
42019500
35419010
15061120
50058060
52217000
21128520
25124080
11003460
25155000
42167010
43178060
29204520
13042600
26155080
41119020
22033050
21031580
42170060
41039090
35394000
27089560
29324080
29014030
29276060
52137560
35320090
41075040
17165050
23083770
35560080
29025000
21117630
29097030
32027020
23139060
17119020
41188080
31399040
41017050
24046060
27089070
15027640
41114070
35044040
32051760
35288090
31095010
25092060
32026030
52220050
15075080
29091090
25064000
31297070
29330590
33018010
29043080
29226070
42176000
43179050
23045090
43011070
28063050
52092000
41180060
52099030
31161590
29138040
43052070
31281050
21117220
31684080
25028050
13000860
35229010
26127030
35417030
31557020
35349060
29152050
23060090
22105080
31046010
31089090
21084050
22003010
51080060
11007000
41047090
26041550
22054090
41154080
23046570
29066000
35530050
29013530
52200090
43023520
27072060
25073090
21051530
29129050
31577080
21103020
29040010
24012060
21025560
29304020
42071060
22035030
23090030
33041280
31020010
52130040
29182090
50063580
29168560
29261030
31103010
41044020
31582010
31069030
31427000
31408030
25005020
29265090
26013000
22075040
26125540
43016360
28049040
29153530
22107060
32003000
29051560
13039570
24142090
21046020
29252530
42060090
23009030
15028550
29290080
26165060
25166070
31078020
41019030
26006090
21072090
51037000
21032570
29174090
24098030
15017250
31120000
26080570
23111080
24007030
41238080
35460090
31084040
35160020
24146050
35363070
41006080
41230060
21074560
29125090
41215050
26083050
42115040
31141050
43207010
24056030
31340040
21068050
23020570
29316080
35067060
31023080
23001500
32010010
35209050
29032350
29256000
35228020
31422050
25161020
11000640
29003060
26114080
26157060
29185060
29114020
14000500
27065050
41266780
31043040
41070090
35514050
33031040
23082030
26098080
28042010
35042060
41105080
22047090
35219030
51059030
25167060
31161000
25169040
41251000
35539550
31568090
42096070
33020560
31127030
41028020
24099020
15083570
41220080
25048010
29230500
35509020
50031570
31239080
25134060
31360090
26084040
13022070
21023580
25165080
31331050
31334020
42116030
29268060
33009020
31257050
31208050
29290570
21094030
26093030
43065020
35382040
35148090
42050010
43075000
32038090
35190550
25016090
35276030
26058060
27030070
35456050
15050070
24101080
32033040
29134080
31115070
35551090
21008730
28023040
43155030
33057030
26124550
12000130
43090010
51042030
23119000
24047050
31628070
21110290
23092010
31401590
52153060
31330060
29187530
24065020
26123070
41046000
29104040
31469090
35442510
51070080
31278000
35354080
52099520
15074090
13009040
35430060
29036070
29318060
26082060
24140010
50002030
31450000
29273090
51061580
21008080
23007050
52140020
29011550
11000560
43194060
35154000
23113550
41044280
35499530
29080020
42121060
25113010
11014010
21053510
43089040
29150070
27005080
21102780
35010040
51026030
29032760
21056090
26129010
24045070
29123010
50043040
35074070
15047520
31337580
31126040
21080580
42045090
29245040
29108590
41057060
43001090
26087010
23108030
21059060
43166000
31579060
41029010
51055070
15010060
31476000
41265040
29130020
31498040
41268010
29227060
41162080
31539050
52043000
26091050
21035540
16008080
41144010
21020770
23135590
29326060
31524020
29242070
23119590
31386090
21063750
15016000
31690000
32031300
23044590
35527000
35213090
51051760
29068240
29243060
31109050
25008090
33009360
29202050
35370080
35176040
43054540
31517010
27017040
31451090
29313010
31085520
42042510
17209030
21040080
41214060
29040500
51077010
42155050
29035080
51056060
15049760
29131010
41273040
26078020
51012580
29083090
25163000
29004050
29087050
29308080
21064090
21054760
43238040
52064040
42084010
32033460
41063080
25035060
32037000
51078000
29003550
23109020
28015040
15015760
29303030
35280070
23086090
29076080
41276010
31610070
41272050
26080080
21066310
21089000
28040030
29297010
42106050
35450010
43211050
35381050
41076030
31543090
29079050
35217050
35081080
52079070
29296020
31175040
21012510
50069030
31705290
27002010
29310530
31447060
22002020
31486080
35117060
51063720
41274030
29233570
21008320
23004080
25049000
22005090
42175010
31080080
22104090
16001540
17132050
31508020
35408040
27041040
27016050
23121060
25019060
31151020
35233050
23034020
15027720
29107500
21042060
35519000
23029090
29019080
31045020
24126090
27068020
41052010
43126580
52177080
35246000
35088010
25025080
15014510
21044040
42137080
42140030
22088090
31558010
35046020
42001010
25007000
31393000
43204040
15054030
43181010
35149080
42112070
29325070
23067020
35123080
26138000
11002540
31375020
31321070
28017020
25068060
43013050
23042360
27052000
15071020
15061610
16007090
21118050
41156060
52122040
29047040
33054060
31370070
23117020
31388070
13028010
35356060
27025530
23018510
28010090
26047000
24061060
28028090
17082050
51070650
23130050
27033040
35302010
29124000
25077050
26084530
27007060
23031050
14003080
29038050
22082050
31137010
23139550
29201060
31392010
42178080
50056810
29053050
35116070
21114090
35120010
29214010
35236020
35261000
29322000
29054040
33044090
33028090
28044090
31599020
23033030
21013010
25114000
21045520
21110780
21104010
41068030
41034530
29292550
51071070
21088010
42058030
28005060
26160010
29081010
25120020
31270080
35324050
17025540
28060080
35011520
35005010
41012000
31311580
35315060
32035020
25071010
12002520
29048520
31283030
31240050
21015090
25044050
35087020
26035040
13042370
29197020
15079790
28033020
33041020
25013020
41062090
41054090
21116070
29172010
31409020
35568000
12008070
50038010
43112050
33012070
29178050
41045010
42117510
21092700
26140060
29160050
22052010
42069000
35185030
26051520
31049080
21079020
11000800
14001750
26065070
31009060
31709090
52044090
23043010
29328040
15080500
41285000
41212080
32043510
21040990
41263060
43096050
35391030
42183010
41010020
25119050
35299060
21025070
42122050
23133510
29324570
21074070
12003360
29016010
26039000
31534000
21080090
21071000
51003000
22026040
12003510
31145010
31111010
12004270
35362080
31083050
28058020
41011010
22020000
31676080
15065590
21076050
29321010
25006010
12007080
31377000
27044010
29168070
25127050
29205020
23137570
26002030
29122020
31598030
52189040
31220090
50074060
23076350
13006800
26038010
29246030
35080090
28062060
31019040
14004560
52049040
23052090
31312080
12003850
27075030
50079350
27091030
33011080
23053570
29028070
21063000
33041100
27001020
31697030
23039560
21095020
29155020
29327050
25051050
31463050
23072540
41244000
21026060
29310040
35114090
29171020
13032050
25145030
52017020
41065060
29026090
43100090
13006310
11001480
31441020
35424040
31429080
42088070
29118080
51019020
22078010
24023030
35358040
29002070
25010050
26031080
23065040
29207000
31346080
41275020
31710060
31414050
51033790
22100030
26016070
21110030
15030440
43146050
26117050
13015060
52055130
29116000
41280050
51062320
35477000
29335050
13002010
52001000
13037000
42024530
31671030
26010520
52206030
22113080
35058070
41066050
43027090
23108520
29275070
35260010
31059050
25004030
31378090
31333030
23036000
21067060
31110020
29121030
29291070
11014920
21081080
42129080
43010080
35235030
26162090
29096040
25015000
21073570
29012050
23112640
51033040
35103020
21087020
41121080
31144020
21019050
52204050
22023070
23095080
31428090
51073050
31473030
35136030
29047530
35177030
27013080
42190020
29312020
26133050
50032560
41266030
29041000
26085030
31432030
15049500
35110030
31155080
21077040
31499030
43160060
50046010
24089040
27057050
31472040
51062570
23013070
13030070
35151520
43132010
22112090
29199260
43190000
31335010
42084500
21063260
33056040
29236050
32050360
41173050
28002090
29232090
15063510
31105090
29234070
52202070
26134040
35330070
43182000
42081040
25091070
26045020
27021080
13001020
23066030
35274050
33051580
21031740
50029020
25030010
35175050
51027020
26091540
52013060
52089050
21002040
43130600
33015040
29069070
27026030
26104000
21122330
23138070
21027050
35409030
15065830
11004030
41005090
51035020
35353090
35400020
29262020
29224090
26054000
32022070
32042030
29089030
28014050
50022090
52054060
23115040
29161040
21117060
42135000
16004020
29158090
35297080
25011040
29008010
11000150
51030070
43153050
52097050
29315090
42174020
26056080
14002090
29259560
24078070
17070090
52001340
23019500
26108060
50080080
13001440
29211040
32021080
17212080
42067020
23089060
23020080
31395080
31142040
26009060
16005350
29082000
50060020
31184030
26008070
26132060
23030060
43068090
51014070
11003200
42117020
31327010
33021060
42039070
51063070
35533020
31002030
29307740
50047000
35538070
23040040
35027540
41141040
21038020
41135020
35543000
29050080
32040050
29127070
15074740
12004500
43196040
21084540
23016040
29034090
33014050
21065080
31191040
50019040
31540020
21055000
26119030
43103300
35480050
25123090
24125000
31627080
43219070
43218080
52109010
26148570
32046090
31130080
42157030
41240530
29119070
31051030
26097090
29320020
21023090
28055050
31309030
26070000
50052020
27083030
42057040
35027050
21029030
21028040
27038090
15025090
43222020
29188030
41046590
26050040
31434010
41208040
25129030
41059040
21090070
27064060
31487070
15020040
25069050
42128090
15063020
27023550
24115020
23061080
31629550
42169090
52171040
15074580
23017030
43184080
27051010
27032050
23043500
27040050
26037020
35200040
50021000
31474020
35079020
29067090
42063060
23074030
25070020
43209090
35214080
29011060
43201070
31624010
43108010
35013010
31011020
35124070
23042510
15066090
29248010
23053080
31093030
27050020
52173020
26003020
31242030
50071090
27071070
50007080
25046030
23127000
29258080
43046630
31696040
42039560
50045020
21100390
21046770
31295090
22058050
33041510
31358030
21082560
33039550
26090060
41036020
22019030
27031060
52112060
35407540
35078030
29183570
23038080
42085000
33029080
35314070
27094000
31620050
35374040
35022000
29144060
15079040
15050310
29212030
41194000
28076000
31132060
21101040
35389070
15071510
23094580
43069080
25160030
21111020
52035000
32034030
26087500
29111050
21124560
21054270
15030770
43195050
23056050
23132030
43094070
32050690
29086060
35534010
26075050
41021090
26115070
43110070
29073010
50050040
50010030
17093020
26102020
26148080
13033040
31267030
42105060
29062040
50029510
35071000
23049540
31629060
31349050
31569080
32040540
29250060
23012080
35094030
31188090
51002010
26046010
32024540
22029010
35292030
29282080
43228060
31446070
35204420
43213030
41217030
31440030
51086000
22015070
28046070
35476010
21003030
28006700
24042000
29135070
23032040
41235010
29229040
26076040
29132000
12001040
11009400
33030050
26077520
29221020
35563050
21007090
23071060
26113090
31063090
15077060
26124060
42165030
29191570
43227070
27073050
52101090
23083020
21051040
27010010
29323090
51078750
23027010
32041040
35386000
42054560
35218040
35475020
31396070
50076950
29259070
41257040
51048070
35141060
25083070
41143020
43113040
33005060
26158050
15003470
23078090
31366520
35467020
43185070
22027030
27092020
33038560
31193020
35392020
43133000
29277050
41169010
21004360
11008090
15045050
51056220
24011070
31528080
31094020
29255010
24082010
29257580
52003080
29231000
25003040
50056080
27055070
31514040
35092540
41016060
35122090
52130870
41199540
16005010
31236010
15044060
31604050
25112020
29284060
29225080
13010010
41086010
23094090
31173060
28056040
21106090
29059090
26105090
26146000
29173000
27042030
31116060
21022000
43217090
22083040
35264070
29149010
26032070
31166050
29330000
24014530
29071030
21067550
29238030
21050050
23116030
21121000
42197050
24036080
43173010
29145050
15008590
33018760
32030070
29223000
26150030
41112580
15043070
26066060
35379090
15040000
35516030
41196080
13013080
15019070
35422060
28057030
33040030
15060050
35301020
32002010
52157020
35388080
21010040
31106080
15007010
41042530
43220040
32004090
32001020
28036090
31143030
15040590
35183050
43133750
42021070
22057060
43048040
35108070
42090030
29063030
35201030
24094070
25043060
33002580
29029060
26061010
28012070
29272000
29146530
52145070
52033020
50024070
29068730
41024060
43208000
42177090
26156070
35203010
31556030
13018030
35252010
32008050
32050100
31453070
43082010
29301540
32023060
14004720
23103080
35100050
28006050
13011590
52102080
43042000
23075020
32016050
31418010
26073070
21130090
15080350
26059050
21094520
32030560
31243020
31407040
43085080
26053010
35262090
41097080
31572030
41115060
52174010
15046040
15011050
21004770
15057000
29056020
51033530
23131040
41133040
11003380
15009580
29093070
31520060
24072030
29237040
15072010
33022540
15056500
15070030
15044550
41179090
31086020
27084020
23093000
21037030
41222060
29078060
15035070
26095010
31629220
41193010
29112040
35466030
25121010
21009560
23023050
23120070
26163080
13005080
21129020
43137060
11000980
31133050
31693560
35502090
35346090
43189030
15052050
21085040
23102580
31054000
35182060
35066070
41020000
41101020
27045000
25060040
51065050
43028080
26057070
41088090
29263010
35056090
43064030
50033060
26081070
35319020
29085070
25097010
29049020
24144070
21126050
35086030
15054370
51032050
21069040
22062090
29177060
31460080
23070070
42125020
15005030
31655370
15029540
26135030
35137020
21066070
41177010
32019020
15031010
26136020
15027560
43214510
42028000
52091010
21107080
27088080
52201080
42132030
23069000
41142030
41223050
25139010
31680020
43078070
41209030
29289010
26030090
28013060
24022040
31280060
27085010
13035690
33057520
29068080
32028010
13007060
12003020
52156030
22106070
28032030
33002330
29099010
21020360
35463060
21078030
31325030
31515030
35001050
41120090
51051010
23136090
29244050
15019560
27069010
24058010
35029030
31015080
29058000
11001550
28054060
29217080
23102090
15028060
23084010
51017040
42136090
51064220
41157050
29264000
43086070
21124070
35193030
35052030
35131080
24010080
31589530
31621040
41148070
13014070
35053020
23021070
29170030
29165000
26141050
35204000
35025070
35440040
17055080
35504070
51041040
26076530
17022080
31034050
42055060
33050000
42036000
43091000
21021010
51026370
35003030
11001890
22070090
26110020
33062060
33006050
43106030
26004010
26131070
26001040
24083000
35007090
29010070
26051030
31251010
29280000
35257060
28045080
43101080
31522040
29106020
52183000
32014070
41096090
23107040
23059020
43148030
13035360
26023080
43066010
43157010
29293050
31123070
26007080
31411080
26020010
23062560
13031060
21102030
33048050
35210020
22079000
13011000
50072080
52193080
21083060
32047080
15021520
21082070
43164020
15032000
32033200
41118030
23080050
43215010
22055080
35415050
29281090
42163050
31350500
42180040
15003050
22037010
42048060
26022090
31344000
31708000
31459010
50006090
24112050
31071090
29252040
35395090
31443000
31042050
15080840
29292060
22004000
29137050
28071050
29181000
13039080
35186020
26088000
42013070
23050010
13003000
11004520
23140030
15029050
51032540
52216010
15062030
51051500
31090060
29270020
35416040
42172040
29302040
35174060
35501000
29260040
41072070
21035050
15049010
35017070
27029000
32045590
15030930
35521060
31026050
43053550
11001300
21115080
35335020
31570050
31456040
21020020
29105030
21006000
23058030
33047550
21123080
41175030
35241050
26126040
13008050
31017060
28030050
50063090
15059080
43067670
23065530
31390030
42150000
33047060
29220030
21098090
26014090
35545080
21040570
21096010
31720040
23105060
35564040
43176080
43188040
35227030
23122050
12006090
26042050
23085000
26005000
51026780
41040060
29230010
33038070
23007540
31596050
52104060
29299090
25125070
35167050
29295030
31301010
24122030
27091520
35413070
43139040
35151860
22111000
35343020
33037080
29206010
24031030
32009040
31100040
25089010
15081590
15084070
43118090
35251020
42182020
42073040
33013060
52180030
33026010
43044080
29139030
21105000
51067520
35515040
35355070
52088060
35453080
31607020
29195040
42094090
41241030
31637060
29336040
42065040
43135080
26142040
29251050
11001060
15009090
41158040
22022080
52138060
13038090
52146060
26154090
21009070
35102030
41256050
12005000
35144030
22012000
35367030
27004090
29210050
35284030
26118040
41064070
27080060
31216050
31363060
31431040
15027070
50011020
35464050
51062240
35548050
21091060
23123040
23081040
41132050
50054000
26021000
35371070
15054860
29215000
35248080
43174000
23124030
15012040
13018520
21034060
23025030
29198010
31073070
35115080
32039080
35232060
29319050
21057080
35273060
35313080
35084050
29052060
43076090
52185080
31074060
11001140
26026050
35402000
35441030
51002500
52118000
21140070
31287090
42195070
16002790
15051060
15061950
27024050
41176020
17161090
26153000
31384010
35097000
35494090
41206060
27047080
21128030
28074020
25153020
31319010
33036090
31372050
15061870
15037050
23063060
43216000
17182040
52100000
29288020
35406060
41146090
29266080
42193090
29027080
23022060
35564530
31112000
15023010
42038080
15082090
23024040
23003090
42162060
29021040
29176070
43046300
23042850
23047070
29075090
35497060
35339080
41098070
35378000
15002060
11002880
31180070
50062000
26089090
35038020
43045070
35426020
50057070
31611060
23135000
42101000
31512060
35407050
35104010
31694060
35021010
26106080
15004040
13027020
35537080
27023060
43212040
21127040
27014070
42070070
15048020
41282030
35468010
35311000
24002080
13042030
23133020
29140000
25063010
43140500
26028030
43061060
33008030
43180020
35247090
21125060
15039030
31521050
22039090
29286040
23076010
15076070
31271070
15038040
26130080
35303000
50079010
33043000
26019040
29107010
35196000
15029390
52062060
41107060
26122080
23087080
23019010
51018030
35318030
35334030
31400010
23141020
15083080
43183090
33018500
15081260
27086000
43047050
25037040
35070010
15033090
35059060
23002000
26100040
26094020
22084030
15058090
51070400
21017070
29098020
27067030
35373050
23026020
35240060
29156010
15080010
15015010
29147030
31493090
35550000
21036040
27093010
35063590
43124010
13029000
26145010
43035090
31376010
43225090
15034570
29084080
29046050
31261090
31352090
26109050
41224040
23054070
15017820
24020060
35305080
21054010
42083020
52131030
42014060
35268030
51052590
35155090
23052330
35376020
26052020
25032090
15022020
28021060
43039050
25162010
29039040
35151030
26099070
42023050
21048000
29060060
31647040
42059020
52086080
41049070
42075020
43226080
31351000
43004060
31241040
23035010
15065000
42148050
29072020
21100050
35019050
27063070
21023250
43079060
43172020
29146040
23096070
24026000
52054970
35128030
31461070
15053040
23041030
26012010
23011090
43171030
27077010
35226040
42043010
31153000
15067080
52197530
26017060
23134010
33061070
35393010
29164010
23028000
43175090
35061020
35243030
15050640
22080070
35271080
35092050
23118010
29301050
31713030
42030060
35197090
26062000
43199010
31693070
41271060
21032080
32051010
29175080
31362070
31016070
31209040
35567010
43030040
23010000
29305010
23114050
33060080
24071040
35134050
43077080
29100570
33055540
43102070
35293020
21086030
15047030
41185010
41055080
26040070
26011020
26064080
29117090
31704040
23097060
42113060
43114030
42158020
15061380
35096010
11000490
13012090
42032040
26139090
29065010
17095000
21016080
23113060
41184020
35272070
12002030
21099080
31625000
31687050
52176090
35507040
35045030
33055050
31394090
28067010
31481030
35491020
35039010
29195530
35554060
35506050
31134040
41084030
35308050
31338080
31470060
51079250
52045080
35224060
50066060
51025040
31471050
35085040
41043030
35571050
28029080
21014000
31448050
25018070
31324040
29329030
43093080
41262560
26072080
13025040
26000540
33003080
15036060
29287030
52119090
23055060
35285020
41076520
35090070
15018080
35221090
33022050
11003040
24120050
32006070
21012020
35267040
31382030
35040080
31342020
28035000
33022700
52115030
42187070
43070050
33052080
51079580
41037010
31452080
31040070
25108080
31439060
31194010
11000230
15079530
26125050
50032070
52051090
41281040
21000550
35365050
26137010
35347080
29107270
15055020
31479070
15081000
41195090
15006020
31699010
31035040
29240090
35398060
52152310
26068040
35452090
41004000
52204540
43016020
31317030
43021050
35111020
35184040
21033070
35055000
35540030
35234040
35565030
32015060
35570060
16006000
50083050
35105000
35433030
52080040
35065080
41015070
43224000
35250030
35517020
32024050
15013030
15017090
31183040
11001220
23077000
23064050
31712040
52214030
43031030
43168080
35135040
35562060
33042010
23042020
32049060
41191520
41042040
15073000
15044220
33002090
33020070
35033070
29307090
41014080
31707010
31567000
25137030
31056080
26164070
42029090
15021030
31686060
26060020
43200080
41277000
35473040
35041070
41018040
51079090
42020080
35075060
33041440
29253030
29007020
35253000
22077020
35307060
31525010
31480040
29180010
42093000
41182040
29136060
29032010
35164080
33045240
26034540
15001070
35488070
33032030
29313500
21030000
35223070
33027000
31518000
21122090
35380060
35076050
52218580
33028580
35239090
42119000
35163090
35222080
32032050
21112010
41094010
31298060
42089060
33004070
33058020
17021090
28048050
33034010
35458030
35157070
35028040
29192070
15024000
43141000
35439070
33001000
26029020
32012090
43006040
23129080
43156020
29148020
52125010
15055360
42046080
29184070
31578070
52002580
42082030
42042020
50037020
23076500
35414060
33007040
27003000
35244020
35190710
51076020
43187050
35032080
35290050
31223060
31672020
35225050
35016080
33019000
52188050
43134090
33025020
41058050
42166020
35489060
43230020
35130090
41083040
21053020
35205090
33024030
31313070
24032510
33063050
23073040
35150040
35057080
31277010
43169070
43092090
15042080
35524030
51084020
35528090
35525020
24080030
33039060
15068070
29057010
35269020
17210000
35541020
35187010
41255060
41048080
35410000
26107070
31701070
31546060
29333070
43144070
43046060
35162000
41199050
26111010
42024040
23037090
26041060
32053090
35510090
35231070
35060030
32013080
26096000
52011080
35106090
35387090
25040090
31433020
12004010
35259040
35138010
35485000
41152000
14001000
31067050
35306070
35498050
33051090
35294010
32052000
33010090
33004560
42054070
33033020
16003030
43051080
32050020
15008000
11002050
31367020
41137000
52014050
42091020
51034030
29108000
28003080
31186010
35522050
35344010
31702060
26079010
35434020
35478090
35499040
33035000
25075070
35487080
22110010
24081020
50027040
33017020
27043020
33049040
21113000
35095020
35188000
43149020
15014020
52087070
26116060
41069020
13026030
31062000
23044000
29274080
53001080
33045570
35503080
13021080
13019020
13034030
26055090
21075060
13023060
13008390
29092080
13043020
13000290
13016050
13041040
13016540
13035020
13044010
13036010
13004090
13025530
29332080
13006070
13024050
13017040
15037540
13040620
13019510
29120040
13020090
29271010
